4.000000000000000000e+00 -3.201000000000000000e+03
5.000000000000000000e+00 -1.781000000000000000e+03
6.000000000000000000e+00 -2.235000000000000000e+03
8.000000000000000000e+00 -1.999000000000000000e+03
9.000000000000000000e+00 -3.128000000000000000e+03
1.000000000000000000e+01 -4.668000000000000000e+03
1.200000000000000000e+01 -6.038000000000000000e+03
1.300000000000000000e+01 -9.128000000000000000e+03
1.500000000000000000e+01 -1.044500000000000000e+04
1.600000000000000000e+01 -1.295400000000000000e+04
1.800000000000000000e+01 -1.379600000000000000e+04
1.900000000000000000e+01 -1.787400000000000000e+04
2.200000000000000000e+01 -1.955600000000000000e+04
2.300000000000000000e+01 -2.295900000000000000e+04
2.500000000000000000e+01 -2.249000000000000000e+04
2.600000000000000000e+01 -2.567100000000000000e+04
2.700000000000000000e+01 -2.500000000000000000e+04
2.800000000000000000e+01 -2.696200000000000000e+04
3.000000000000000000e+01 -2.763600000000000000e+04
3.100000000000000000e+01 -3.231900000000000000e+04
3.300000000000000000e+01 -3.429800000000000000e+04
3.500000000000000000e+01 -3.724600000000000000e+04
3.600000000000000000e+01 -3.783800000000000000e+04
3.700000000000000000e+01 -3.953200000000000000e+04
3.700000000000000000e+01 -3.774400000000000000e+04
3.700000000000000000e+01 -3.756100000000000000e+04
3.700000000000000000e+01 -3.845900000000000000e+04
3.700000000000000000e+01 -3.700500000000000000e+04
3.500000000000000000e+01 -3.847600000000000000e+04
3.800000000000000000e+01 -4.168600000000000000e+04
4.000000000000000000e+01 -4.305100000000000000e+04
4.100000000000000000e+01 -4.457900000000000000e+04
4.100000000000000000e+01 -4.464300000000000000e+04
4.200000000000000000e+01 -4.536200000000000000e+04
4.300000000000000000e+01 -4.657600000000000000e+04
4.400000000000000000e+01 -4.732700000000000000e+04
4.500000000000000000e+01 -4.844100000000000000e+04
4.600000000000000000e+01 -4.935600000000000000e+04
4.600000000000000000e+01 -4.973100000000000000e+04
4.700000000000000000e+01 -5.032700000000000000e+04
4.600000000000000000e+01 -4.983800000000000000e+04
4.700000000000000000e+01 -5.069600000000000000e+04
4.700000000000000000e+01 -5.159100000000000000e+04
4.800000000000000000e+01 -5.167300000000000000e+04
4.900000000000000000e+01 -5.280900000000000000e+04
4.900000000000000000e+01 -5.314500000000000000e+04
5.000000000000000000e+01 -5.355100000000000000e+04
5.000000000000000000e+01 -5.367900000000000000e+04
4.900000000000000000e+01 -5.385700000000000000e+04
5.000000000000000000e+01 -5.412700000000000000e+04
5.100000000000000000e+01 -5.500300000000000000e+04
5.100000000000000000e+01 -5.589900000000000000e+04
5.200000000000000000e+01 -5.699100000000000000e+04
5.300000000000000000e+01 -5.766000000000000000e+04
5.400000000000000000e+01 -5.810100000000000000e+04
5.400000000000000000e+01 -5.681500000000000000e+04
